NACA 0012                                       
 Alfa =   0.00000 Re =    68000.000 Xflap,Yflap =     0.000000    0.000000
#    x        y        Cp  
   1.00000  0.00126 -0.05664
   0.99372  0.00214 -0.05742
   0.98277  0.00365 -0.05862
   0.96999  0.00539 -0.06001
   0.95567  0.00731 -0.06161
   0.94026  0.00934 -0.06338
   0.92422  0.01142 -0.06533
   0.90784  0.01350 -0.06745
   0.89128  0.01556 -0.06976
   0.87462  0.01759 -0.07226
   0.85793  0.01959 -0.07499
   0.84120  0.02155 -0.07798
   0.82446  0.02348 -0.08124
   0.80771  0.02537 -0.08480
   0.79095  0.02723 -0.08870
   0.77419  0.02905 -0.09294
   0.75742  0.03083 -0.09756
   0.74066  0.03257 -0.10257
   0.72389  0.03428 -0.10796
   0.70712  0.03594 -0.11369
   0.69035  0.03757 -0.11978
   0.67359  0.03916 -0.12626
   0.65683  0.04071 -0.13316
   0.64008  0.04221 -0.14047
   0.62333  0.04367 -0.14818
   0.60659  0.04509 -0.15626
   0.58987  0.04646 -0.16469
   0.57315  0.04778 -0.17341
   0.55645  0.04905 -0.18239
   0.53976  0.05026 -0.19159
   0.52309  0.05143 -0.20098
   0.50644  0.05253 -0.21051
   0.48980  0.05357 -0.22016
   0.47319  0.05455 -0.22989
   0.45660  0.05546 -0.23971
   0.44004  0.05630 -0.24954
   0.42351  0.05707 -0.25944
   0.40701  0.05776 -0.26932
   0.39055  0.05837 -0.27923
   0.37412  0.05889 -0.28907
   0.35774  0.05932 -0.29888
   0.34140  0.05965 -0.30864
   0.32511  0.05988 -0.31828
   0.30888  0.06000 -0.32781
   0.29272  0.06001 -0.33718
   0.27662  0.05989 -0.34633
   0.26060  0.05965 -0.35519
   0.24467  0.05927 -0.36382
   0.22884  0.05875 -0.37204
   0.21313  0.05807 -0.37974
   0.19755  0.05723 -0.38706
   0.18214  0.05622 -0.39354
   0.16693  0.05503 -0.39919
   0.15196  0.05365 -0.40387
   0.13730  0.05207 -0.40725
   0.12303  0.05029 -0.40910
   0.10929  0.04832 -0.40894
   0.09622  0.04618 -0.40651
   0.08399  0.04389 -0.40125
   0.07278  0.04150 -0.39272
   0.06271  0.03908 -0.38061
   0.05380  0.03667 -0.36437
   0.04603  0.03431 -0.34394
   0.03929  0.03203 -0.31891
   0.03346  0.02983 -0.28940
   0.02840  0.02771 -0.25401
   0.02399  0.02566 -0.21261
   0.02013  0.02367 -0.16397
   0.01674  0.02173 -0.10725
   0.01376  0.01982 -0.04105
   0.01114  0.01793  0.03722
   0.00883  0.01606  0.12745
   0.00682  0.01419  0.23084
   0.00508  0.01231  0.34869
   0.00360  0.01041  0.47733
   0.00238  0.00851  0.61301
   0.00141  0.00659  0.74736
   0.00070  0.00467  0.86398
   0.00025  0.00277  0.95013
   0.00003  0.00091  0.99450
   0.00003 -0.00091  0.99468
   0.00025 -0.00277  0.94924
   0.00070 -0.00467  0.86382
   0.00141 -0.00659  0.74743
   0.00238 -0.00851  0.61378
   0.00360 -0.01041  0.47756
   0.00508 -0.01231  0.34896
   0.00682 -0.01419  0.23107
   0.00883 -0.01606  0.12730
   0.01114 -0.01793  0.03726
   0.01376 -0.01982 -0.04102
   0.01674 -0.02173 -0.10718
   0.02013 -0.02367 -0.16411
   0.02399 -0.02566 -0.21253
   0.02840 -0.02771 -0.25387
   0.03346 -0.02983 -0.28932
   0.03929 -0.03203 -0.31902
   0.04603 -0.03431 -0.34409
   0.05380 -0.03667 -0.36425
   0.06271 -0.03908 -0.38043
   0.07278 -0.04150 -0.39288
   0.08399 -0.04389 -0.40112
   0.09622 -0.04618 -0.40651
   0.10929 -0.04832 -0.40904
   0.12303 -0.05029 -0.40899
   0.13730 -0.05207 -0.40728
   0.15196 -0.05365 -0.40379
   0.16693 -0.05503 -0.39922
   0.18214 -0.05622 -0.39350
   0.19755 -0.05723 -0.38700
   0.21313 -0.05807 -0.37976
   0.22884 -0.05875 -0.37202
   0.24467 -0.05927 -0.36378
   0.26060 -0.05965 -0.35522
   0.27662 -0.05989 -0.34630
   0.29272 -0.06001 -0.33715
   0.30888 -0.06000 -0.32780
   0.32511 -0.05988 -0.31828
   0.34140 -0.05965 -0.30862
   0.35774 -0.05932 -0.29887
   0.37412 -0.05889 -0.28908
   0.39055 -0.05837 -0.27921
   0.40701 -0.05776 -0.26931
   0.42351 -0.05707 -0.25943
   0.44004 -0.05630 -0.24954
   0.45660 -0.05546 -0.23967
   0.47319 -0.05455 -0.22989
   0.48980 -0.05357 -0.22015
   0.50644 -0.05253 -0.21049
   0.52309 -0.05143 -0.20097
   0.53976 -0.05026 -0.19158
   0.55645 -0.04905 -0.18238
   0.57315 -0.04778 -0.17340
   0.58987 -0.04646 -0.16468
   0.60659 -0.04509 -0.15625
   0.62333 -0.04367 -0.14816
   0.64008 -0.04221 -0.14045
   0.65683 -0.04071 -0.13315
   0.67359 -0.03916 -0.12625
   0.69035 -0.03757 -0.11977
   0.70712 -0.03594 -0.11368
   0.72389 -0.03428 -0.10795
   0.74066 -0.03257 -0.10256
   0.75742 -0.03083 -0.09755
   0.77419 -0.02905 -0.09293
   0.79095 -0.02723 -0.08869
   0.80771 -0.02537 -0.08480
   0.82446 -0.02348 -0.08123
   0.84120 -0.02155 -0.07797
   0.85793 -0.01959 -0.07499
   0.87462 -0.01759 -0.07226
   0.89128 -0.01556 -0.06975
   0.90784 -0.01350 -0.06745
   0.92422 -0.01142 -0.06533
   0.94026 -0.00934 -0.06338
   0.95567 -0.00731 -0.06161
   0.96999 -0.00539 -0.06001
   0.98277 -0.00365 -0.05862
   0.99372 -0.00214 -0.05742
   1.00000 -0.00126 -0.05664
