NACA 0012                                       
 Alfa =   0.00000 Re =    68000.000 Xflap,Yflap =     0.000000    0.000000
#    x        y        Cp  
   1.00000  0.00126  0.41477
   0.99372  0.00214  0.25527
   0.98277  0.00365  0.19552
   0.96999  0.00539  0.15150
   0.95567  0.00731  0.11795
   0.94026  0.00934  0.09039
   0.92422  0.01142  0.06680
   0.90784  0.01350  0.04649
   0.89128  0.01556  0.02853
   0.87462  0.01759  0.01252
   0.85793  0.01959 -0.00253
   0.84120  0.02155 -0.01596
   0.82446  0.02348 -0.02879
   0.80771  0.02537 -0.04083
   0.79095  0.02723 -0.05214
   0.77419  0.02905 -0.06341
   0.75742  0.03083 -0.07384
   0.74066  0.03257 -0.08411
   0.72389  0.03428 -0.09433
   0.70712  0.03594 -0.10394
   0.69035  0.03757 -0.11370
   0.67359  0.03916 -0.12334
   0.65683  0.04071 -0.13265
   0.64008  0.04221 -0.14218
   0.62333  0.04367 -0.15163
   0.60659  0.04509 -0.16084
   0.58987  0.04646 -0.17019
   0.57315  0.04778 -0.17959
   0.55645  0.04905 -0.18882
   0.53976  0.05026 -0.19830
   0.52309  0.05143 -0.20775
   0.50644  0.05253 -0.21718
   0.48980  0.05357 -0.22685
   0.47319  0.05455 -0.23609
   0.45660  0.05546 -0.24599
   0.44004  0.05630 -0.25539
   0.42351  0.05707 -0.26521
   0.40701  0.05776 -0.27468
   0.39055  0.05837 -0.28451
   0.37412  0.05889 -0.29408
   0.35774  0.05932 -0.30359
   0.34140  0.05965 -0.31332
   0.32511  0.05988 -0.32274
   0.30888  0.06000 -0.33212
   0.29272  0.06001 -0.34144
   0.27662  0.05989 -0.35036
   0.26060  0.05965 -0.35923
   0.24467  0.05927 -0.36776
   0.22884  0.05875 -0.37591
   0.21313  0.05807 -0.38336
   0.19755  0.05723 -0.39092
   0.18214  0.05622 -0.39720
   0.16693  0.05503 -0.40298
   0.15196  0.05365 -0.40752
   0.13730  0.05207 -0.41104
   0.12303  0.05029 -0.41303
   0.10929  0.04832 -0.41301
   0.09622  0.04618 -0.41069
   0.08399  0.04389 -0.40581
   0.07278  0.04150 -0.39772
   0.06271  0.03908 -0.38615
   0.05380  0.03667 -0.37042
   0.04603  0.03431 -0.35110
   0.03929  0.03203 -0.32661
   0.03346  0.02983 -0.29868
   0.02840  0.02771 -0.26389
   0.02399  0.02566 -0.22407
   0.02013  0.02367 -0.17602
   0.01674  0.02173 -0.12075
   0.01376  0.01982 -0.05486
   0.01114  0.01793  0.02127
   0.00883  0.01606  0.11212
   0.00682  0.01419  0.21493
   0.00508  0.01231  0.33326
   0.00360  0.01041  0.46499
   0.00238  0.00851  0.60265
   0.00141  0.00659  0.73944
   0.00070  0.00467  0.85977
   0.00025  0.00277  0.94832
   0.00003  0.00091  0.99435
   0.00003 -0.00091  0.99438
   0.00025 -0.00277  0.94811
   0.00070 -0.00467  0.85987
   0.00141 -0.00659  0.73909
   0.00238 -0.00851  0.60324
   0.00360 -0.01041  0.46471
   0.00508 -0.01231  0.33372
   0.00682 -0.01419  0.21515
   0.00883 -0.01606  0.11157
   0.01114 -0.01793  0.02226
   0.01376 -0.01982 -0.05583
   0.01674 -0.02173 -0.12010
   0.02013 -0.02367 -0.17652
   0.02399 -0.02566 -0.22347
   0.02840 -0.02771 -0.26406
   0.03346 -0.02983 -0.29853
   0.03929 -0.03203 -0.32679
   0.04603 -0.03431 -0.35105
   0.05380 -0.03667 -0.37053
   0.06271 -0.03908 -0.38582
   0.07278 -0.04150 -0.39793
   0.08399 -0.04389 -0.40568
   0.09622 -0.04618 -0.41076
   0.10929 -0.04832 -0.41303
   0.12303 -0.05029 -0.41280
   0.13730 -0.05207 -0.41109
   0.15196 -0.05365 -0.40762
   0.16693 -0.05503 -0.40283
   0.18214 -0.05622 -0.39733
   0.19755 -0.05723 -0.39067
   0.21313 -0.05807 -0.38355
   0.22884 -0.05875 -0.37583
   0.24467 -0.05927 -0.36769
   0.26060 -0.05965 -0.35927
   0.27662 -0.05989 -0.35038
   0.29272 -0.06001 -0.34139
   0.30888 -0.06000 -0.33211
   0.32511 -0.05988 -0.32284
   0.34140 -0.05965 -0.31315
   0.35774 -0.05932 -0.30370
   0.37412 -0.05889 -0.29413
   0.39055 -0.05837 -0.28449
   0.40701 -0.05776 -0.27463
   0.42351 -0.05707 -0.26518
   0.44004 -0.05630 -0.25549
   0.45660 -0.05546 -0.24567
   0.47319 -0.05455 -0.23636
   0.48980 -0.05357 -0.22667
   0.50644 -0.05253 -0.21720
   0.52309 -0.05143 -0.20780
   0.53976 -0.05026 -0.19827
   0.55645 -0.04905 -0.18885
   0.57315 -0.04778 -0.17963
   0.58987 -0.04646 -0.17024
   0.60659 -0.04509 -0.16080
   0.62333 -0.04367 -0.15148
   0.64008 -0.04221 -0.14212
   0.65683 -0.04071 -0.13275
   0.67359 -0.03916 -0.12327
   0.69035 -0.03757 -0.11384
   0.70712 -0.03594 -0.10390
   0.72389 -0.03428 -0.09429
   0.74066 -0.03257 -0.08408
   0.75742 -0.03083 -0.07387
   0.77419 -0.02905 -0.06327
   0.79095 -0.02723 -0.05243
   0.80771 -0.02537 -0.04046
   0.82446 -0.02348 -0.02922
   0.84120 -0.02155 -0.01572
   0.85793 -0.01959 -0.00231
   0.87462 -0.01759  0.01228
   0.89128 -0.01556  0.02868
   0.90784 -0.01350  0.04652
   0.92422 -0.01142  0.06679
   0.94026 -0.00934  0.09045
   0.95567 -0.00731  0.11799
   0.96999 -0.00539  0.15145
   0.98277 -0.00365  0.19576
   0.99372 -0.00214  0.25526
   1.00000 -0.00126  0.41477
